function [T6vsim,T6hsim,T10vsim,T10hsim,T18vsim,T18hsim,T36vsim,T36hsim,T89vsim,T89hsim]=reg_mod14(IST,SD,IT)
%the mar+april 2014 model
T6vsim = 267.836341304 - 0.0556363691749 .* IST - 83.8468553263 .* SD + 4.51797807574 .* IT;
T6hsim = 302.999168543 - 0.284081690805 .* IST - 190.846721845 .* SD + 10.682489285 .* IT;
T10vsim = 245.344523266 + 0.0464831397406 .* IST - 100.721230536 .* SD + 2.26574321097 .* IT;
T10hsim = 268.698376648 -0.129935609392 .* IST - 213.362217071 .* SD + 8.97265667214 .* IT;
T18vsim = 164.971384648 + 0.383270178065 .* IST - 163.451617051 .* SD - 3.67605242159 .* IT;
T18hsim = 170.80735777 + 0.275684384383 .* IST - 260.420563846 .* SD + 3.53388440609 .* IT;
T36vsim = -34.0459096549 + 1.1561289611 .* IST - 269.654055934 .* SD - 9.98456795686 .* IT;
T36hsim = 16.0490770084 + 0.893283165003 .* IST - 345.797562531 .* SD - 2.94439538362 .* IT;
T89vsim = -241.005972173 + 1.85097775988 .* IST - 133.531335231 .* SD - 3.28046375198 .* IT;
T89hsim = -189.612464535 + 1.60356031459 .* IST - 191.983325008 .* SD + 1.19034370273 .* IT;
endfunction

